degree distribution (probability density function of the degree in logarithmic bins) 
3	0.86843
4	0.546071
5	0.160955
6	0.0951317
7	0.0747738
8	0.0994381
9.5	0.0587724

degree distribution (degree-occurrences) 
3	0.333333
4	0.266667
5	0.1
6	0.0666667
7	0.0666667
8	0.1
9	0.0333333
10	0.0333333


--------------------------------------
community distribution (size-occurrences)
5	0.4
6	0.4
8	0.2


--------------------------------------
mixing parameter
0.333333	0.1
0.5	0.266667
0.555556	0.0333333
0.571429	0.0333333
0.6125	0.2
0.666667	0.233333
0.714286	0.0333333
0.75	0.0666667
1	0.0333333

--------------------------------------
