degree distribution (probability density function of the degree in logarithmic bins) 
3	0.955273
4	0.477812
5	0.0536517
6	0.0951317
7	0.0747738
8	0.0994381
9.5	0.117545

degree distribution (degree-occurrences) 
3	0.366667
4	0.233333
5	0.0333333
6	0.0666667
7	0.0666667
8	0.1
9	0.0666667
10	0.0666667


--------------------------------------
community distribution (size-occurrences)
6	0.25
7	0.25
8	0.25
9	0.25


--------------------------------------
mixing parameter
0.25	0.133333
0.285714	0.0333333
0.333333	0.4
0.375	0.1
0.4	0.1
0.428571	0.0333333
0.5	0.133333
0.666667	0.0666667

--------------------------------------
