degree distribution (probability density function of the degree in logarithmic bins) 
3	0.669787
4	0.537666
5	0.369949
6	0.296973
7	0.0443459
8	0.0397321
9	0.0711966

degree distribution (degree-occurrences) 
3	0.233333
4	0.233333
5	0.2
6	0.2
7	0.0333333
8	0.0333333
9	0.0666667


--------------------------------------
community distribution (size-occurrences)
3	0.428571
4	0.285714
6	0.142857
7	0.142857


--------------------------------------
mixing parameter
0.166667	0.0333333
0.25	0.0666667
0.333333	0.333333
0.375	0.0333333
0.4	0.2
0.428571	0.0333333
0.444444	0.0666667
0.5	0.2
0.666667	0.0333333

--------------------------------------
