degree distribution (probability density function of the degree in logarithmic bins) 
5	0.551139
6	0.246899
7	0.198196
8	0.0665907
9	0.039775
10	0.0534552
11.4	0.0798227
13	0.0286071
14	0.0256308
15	0.0114821

degree distribution (degree-occurrences) 
5	0.32
6	0.16
7	0.16
8	0.06
9	0.04
10	0.06
11	0.06
12	0.04
13	0.04
14	0.04
15	0.02


--------------------------------------
community distribution (size-occurrences)
9	0.25
13	0.5
15	0.25


--------------------------------------
mixing parameter
0.428571	0.02
0.5	0.1
0.538462	0.02
0.545455	0.06
0.571429	0.16
0.583333	0.04
0.6	0.4
0.615385	0.02
0.666667	0.16
0.714286	0.02

--------------------------------------
