degree distribution (probability density function of the degree in logarithmic bins) 
3	0.955273
4	0.204776
5	0.214607
6	0.190263
7	0.0373869
8	0.0662921
9.2	0.146931

degree distribution (degree-occurrences) 
3	0.366667
4	0.1
5	0.133333
6	0.133333
7	0.0333333
8	0.0666667
9	0.133333
10	0.0333333


--------------------------------------
community distribution (size-occurrences)
5	0.25
6	0.25
9	0.25
10	0.25


--------------------------------------
mixing parameter
0	0.133333
0.111111	0.0333333
0.125	0.0333333
0.166667	0.133333
0.2	0.166667
0.222222	0.1
0.25	0.133333
0.285714	0.0333333
0.333333	0.233333

--------------------------------------
