degree distribution (probability density function of the degree in logarithmic bins) 
5	0.275569
6	0.246899
7	0.198196
8	0.155378
9	0.119325
10	0.0356368
11.1429	0.111752
13	0.0143036
15	0.0344462

degree distribution (degree-occurrences) 
5	0.16
6	0.16
7	0.16
8	0.14
9	0.12
10	0.04
11	0.12
12	0.02
13	0.02
15	0.06


--------------------------------------
community distribution (size-occurrences)
10	0.25
12	0.25
14	0.5


--------------------------------------
mixing parameter
0.666667	0.02
0.714286	0.06
0.727273	0.04
0.75	0.08
0.769231	0.02
0.777778	0.08
0.8	0.24
0.818182	0.08
0.833333	0.16
0.85873	0.12
0.875	0.06
0.888889	0.04

--------------------------------------
