degree distribution (probability density function of the degree in logarithmic bins) 
6	0.527767
7	0.346351
8	0.146181
9	0.134305
10	0.204066
11	0.0416639
12	0.0382792
13	0.0175847
14	0.0323122

degree distribution (degree-occurrences) 
6	0.28
7	0.2
8	0.1
9	0.1
10	0.18
11	0.04
12	0.04
13	0.02
14	0.04


--------------------------------------
community distribution (size-occurrences)
7	0.2
8	0.4
13	0.2
14	0.2


--------------------------------------
mixing parameter
0.5	0.12
0.545455	0.04
0.555556	0.08
0.571429	0.16
0.583333	0.02
0.6	0.18
0.615385	0.02
0.625	0.08
0.666667	0.22
0.714286	0.08

--------------------------------------
