degree distribution (probability density function of the degree in logarithmic bins) 
6	0.743079
7	0.242583
8	0.492755
9	0.197039
10	0.0285887
11	0.106697
12	0.0696636

degree distribution (degree-occurrences) 
6	0.32
7	0.12
8	0.28
9	0.12
10	0.02
11	0.08
12	0.06


--------------------------------------
community distribution (size-occurrences)
6	0.2
7	0.2
9	0.2
13	0.2
15	0.2


--------------------------------------
mixing parameter
0.666667	0.08
0.714286	0.04
0.727273	0.04
0.75	0.18
0.777778	0.04
0.8	0.02
0.818182	0.04
0.833333	0.3
0.857143	0.08
0.875	0.12
0.888889	0.04
1	0.02

--------------------------------------
