degree distribution (probability density function of the degree in logarithmic bins) 
4	0.955277
5	0.650715
6	0.24078
7	0.100231
8	0.0914552
9	0.0417239
10	0.0347373

degree distribution (degree-occurrences) 
4	0.366667
5	0.3
6	0.133333
7	0.0666667
8	0.0666667
9	0.0333333
10	0.0333333


--------------------------------------
community distribution (size-occurrences)
4	0.2
5	0.2
6	0.4
9	0.2


--------------------------------------
mixing parameter
0.666667	0.0333333
0.714286	0.0333333
0.75	0.333333
0.777778	0.0333333
0.8	0.333333
0.833333	0.0666667
0.857143	0.0333333
1	0.133333

--------------------------------------
