degree distribution (probability density function of the degree in logarithmic bins) 
5	0.295069
6	0.3993
7	0.243741
8	0.146596
9	0.220422
10	0.0397712
13.6667	0.0438039

degree distribution (degree-occurrences) 
5	0.16
6	0.24
7	0.18
8	0.12
9	0.2
10	0.04
13	0.02
14	0.04


--------------------------------------
community distribution (size-occurrences)
7	0.25
13	0.25
14	0.25
16	0.25


--------------------------------------
mixing parameter
0	0.02
0.111111	0.02
0.125	0.06
0.142857	0.12
0.166667	0.18
0.2	0.2
0.214286	0.02
0.223077	0.2
0.25	0.06
0.285714	0.08
0.333333	0.04

--------------------------------------
