degree distribution (probability density function of the degree in logarithmic bins) 
2	0.0954459
3	0.830127
4	0.250691
5	0.0853694
6	0.0726784
7	0.154685
8	0.0263379
9	0.0224225
10	0.0190892

degree distribution (degree-occurrences) 
2	0.0333333
3	0.4
4	0.166667
5	0.0666667
6	0.0666667
7	0.166667
8	0.0333333
9	0.0333333
10	0.0333333


--------------------------------------
community distribution (size-occurrences)
5	0.4
6	0.2
7	0.4


--------------------------------------
mixing parameter
0	0.0333333
0.285714	0.0666667
0.333333	0.4
0.375	0.0333333
0.4	0.1
0.428571	0.0666667
0.5	0.133333
0.571429	0.0333333
0.666667	0.1
0.75	0.0333333

--------------------------------------
