degree distribution (probability density function of the degree in logarithmic bins) 
5	0.413354
6	0.246899
7	0.173421
8	0.110985
9	0.0198875
10	0.0712735
11.3333	0.0957872
13	0.0286071
14	0.0128154
15	0.0459282

degree distribution (degree-occurrences) 
5	0.24
6	0.16
7	0.14
8	0.1
9	0.02
10	0.08
11	0.08
12	0.04
13	0.04
14	0.02
15	0.08


--------------------------------------
community distribution (size-occurrences)
5	0.2
9	0.2
10	0.2
11	0.2
15	0.2


--------------------------------------
mixing parameter
0.2	0.02
0.285714	0.02
0.3	0.02
0.333333	0.12
0.363636	0.08
0.375	0.06
0.384615	0.02
0.4	0.36
0.416667	0.02
0.428571	0.14
0.444444	0.02
0.461538	0.02
0.5	0.1

--------------------------------------
