degree distribution (probability density function of the degree in logarithmic bins) 
2	0.102685
3	0.684083
4	0.281315
5	0.249881
6	0.0358311
7	0.061655
8	0.079568
9	0.0684569

degree distribution (degree-occurrences) 
2	0.0333333
3	0.3
4	0.166667
5	0.2
6	0.0333333
7	0.0666667
8	0.1
9	0.1


--------------------------------------
community distribution (size-occurrences)
3	0.285714
4	0.285714
5	0.285714
6	0.142857


--------------------------------------
mixing parameter
0	0.0333333
0.333333	0.0666667
0.5	0.1
0.585317	0.266667
0.625	0.1
0.666667	0.266667
0.738095	0.1
0.8	0.0333333
1	0.0333333

--------------------------------------
