degree distribution (probability density function of the degree in logarithmic bins) 
3	0.956838
4	0.537666
5	0.431607
6	0.098991
7	0.0443459
8	0.0397321
9	0.0711966

degree distribution (degree-occurrences) 
3	0.333333
4	0.233333
5	0.233333
6	0.0666667
7	0.0333333
8	0.0333333
9	0.0666667


--------------------------------------
community distribution (size-occurrences)
5	0.25
6	0.25
9	0.25
10	0.25


--------------------------------------
mixing parameter
0	0.266667
0.111111	0.0333333
0.125	0.0333333
0.142857	0.0333333
0.166667	0.0333333
0.2	0.233333
0.222222	0.0333333
0.25	0.166667
0.333333	0.166667

--------------------------------------
