degree distribution (probability density function of the degree in logarithmic bins) 
4	0.694747
5	0.723017
6	0.24078
7	0.150347
8	0.0457276
9	0.125172
10	0.0347373

degree distribution (degree-occurrences) 
4	0.266667
5	0.333333
6	0.133333
7	0.1
8	0.0333333
9	0.1
10	0.0333333


--------------------------------------
community distribution (size-occurrences)
4	0.2
5	0.2
6	0.4
9	0.2


--------------------------------------
mixing parameter
0	0.0666667
0.125	0.0333333
0.142857	0.0333333
0.166667	0.1
0.2	0.266667
0.222222	0.0666667
0.25	0.233333
0.285714	0.0666667
0.333333	0.0666667
0.4	0.0666667

--------------------------------------
