degree distribution (probability density function of the degree in logarithmic bins) 
6	0.416848
7	0.221871
8	0.158331
9	0.192624
10	0.0878793
11	0.0200462
12	0.0914552
13	0.0500686
14	0.0456848
15	0.0138949

degree distribution (degree-occurrences) 
6	0.24
7	0.14
8	0.12
9	0.16
10	0.08
11	0.02
12	0.1
13	0.06
14	0.06
15	0.02


--------------------------------------
community distribution (size-occurrences)
10	0.25
12	0.25
13	0.25
15	0.25


--------------------------------------
mixing parameter
0.285714	0.06
0.333333	0.22
0.375	0.1
0.384615	0.04
0.4	0.1
0.416667	0.08
0.428571	0.14
0.444444	0.12
0.454545	0.02
0.461538	0.02
0.5	0.1

--------------------------------------
