degree distribution (probability density function of the degree in logarithmic bins) 
3	0.173686
4	0.819106
5	0.268258
6	0.0475658
7	0.186935
8	0.0662921
9.33333	0.0881587

degree distribution (degree-occurrences) 
3	0.0666667
4	0.4
5	0.166667
6	0.0333333
7	0.166667
8	0.0666667
9	0.0666667
10	0.0333333


--------------------------------------
community distribution (size-occurrences)
4	0.2
5	0.4
7	0.2
9	0.2


--------------------------------------
mixing parameter
0.25	0.233333
0.285714	0.0333333
0.333333	0.1
0.375	0.0666667
0.4	0.2
0.43254	0.133333
0.5	0.133333
0.571429	0.0333333
0.75	0.0666667

--------------------------------------
