degree distribution (probability density function of the degree in logarithmic bins) 
4	0.955277
5	0.43381
6	0.421365
7	0.0501156
8	0.137183
9	0.0417239
10	0.0347373

degree distribution (degree-occurrences) 
4	0.366667
5	0.2
6	0.233333
7	0.0333333
8	0.1
9	0.0333333
10	0.0333333


--------------------------------------
community distribution (size-occurrences)
5	0.25
6	0.25
9	0.25
10	0.25


--------------------------------------
mixing parameter
0	0.0666667
0.111111	0.0333333
0.125	0.0333333
0.142857	0.0333333
0.166667	0.133333
0.2	0.233333
0.25	0.366667
0.333333	0.1

--------------------------------------
