degree distribution (probability density function of the degree in logarithmic bins) 
3	1.14821
4	0.0768094
5	0.246632
6	0.148487
7	0.22173
8	0.0794642
9	0.106795

degree distribution (degree-occurrences) 
3	0.4
4	0.0333333
5	0.133333
6	0.1
7	0.166667
8	0.0666667
9	0.1


--------------------------------------
community distribution (size-occurrences)
3	0.166667
4	0.5
7	0.166667
8	0.166667


--------------------------------------
mixing parameter
0.666667	0.266667
0.714286	0.0333333
0.75	0.1
0.777778	0.0666667
0.8	0.133333
0.833333	0.1
0.857143	0.1
0.888889	0.0333333
1	0.166667

--------------------------------------
