degree distribution (probability density function of the degree in logarithmic bins) 
6	0.486323
7	0.316959
8	0.263885
9	0.072234
10	0.0659095
11	0.0801849
12	0.0548731
13	0.0166895
15	0.0277899

degree distribution (degree-occurrences) 
6	0.28
7	0.2
8	0.2
9	0.06
10	0.06
11	0.08
12	0.06
13	0.02
15	0.04


--------------------------------------
community distribution (size-occurrences)
7	0.25
13	0.25
15	0.5


--------------------------------------
mixing parameter
0.111111	0.04
0.125	0.06
0.142857	0.06
0.166667	0.26
0.181818	0.06
0.2	0.1
0.222222	0.02
0.230769	0.02
0.25	0.16
0.272727	0.02
0.285714	0.14
0.333333	0.06

--------------------------------------
