degree distribution (probability density function of the degree in logarithmic bins) 
3	1.05252
4	0.768094
5	0.184974
6	0.148487
7	0.0443459
8	0.0397321
9	0.0355983

degree distribution (degree-occurrences) 
3	0.366667
4	0.333333
5	0.1
6	0.1
7	0.0333333
8	0.0333333
9	0.0333333


--------------------------------------
community distribution (size-occurrences)
4	0.2
5	0.2
6	0.2
7	0.2
8	0.2


--------------------------------------
mixing parameter
0.333333	0.0333333
0.666667	0.233333
0.714286	0.0333333
0.75	0.333333
0.794444	0.133333
0.833333	0.1
0.875	0.0333333
1	0.1

--------------------------------------
